  0.000000000000000E+000   1.62276038847683     
  4.500000000000000E-003   1.61568499411476     
  8.999999999999999E-003   1.60860959975270     
  1.350000000000000E-002   1.60153420539063     
  1.800000000000000E-002   1.59445881102857     
  2.250000000000000E-002   1.58738341666650     
  2.700000000000000E-002   1.58030802230444     
  3.150000000000000E-002   1.57323262794237     
  3.600000000000000E-002   1.56615723358031     
  4.050000000000000E-002   1.55908183921825     
  4.500000000000000E-002   1.55200644485618     
  4.950000000000000E-002   1.54493105049412     
  5.400000000000000E-002   1.53785565613205     
  5.850000000000000E-002   1.53078026176999     
  6.300000000000000E-002   1.52370486740792     
  6.750000000000000E-002   1.51662947304586     
  7.199999999999999E-002   1.50955407868379     
  7.650000000000000E-002   1.50247868432173     
  8.100000000000000E-002   1.49540328995966     
  8.550000000000001E-002   1.48832789559760     
  9.000000000000000E-002   1.48125250123553     
  9.450000000000000E-002   1.47417710687347     
  9.900000000000000E-002   1.46710171251140     
  0.103500000000000        1.46002631814934     
  0.108000000000000        1.45295092378727     
  0.112500000000000        1.44587552942521     
  0.117000000000000        1.43880013506314     
  0.121500000000000        1.43172474070108     
  0.126000000000000        1.42464934633902     
  0.130500000000000        1.41757395197695     
  0.135000000000000        1.41049855761489     
  0.139500000000000        1.40342316325282     
  0.144000000000000        1.39634776889076     
  0.148500000000000        1.38927237452869     
  0.153000000000000        1.38219698016663     
  0.157500000000000        1.37512158580456     
  0.162000000000000        1.36804619144250     
  0.166500000000000        1.36097079708043     
  0.171000000000000        1.35389540271837     
  0.175500000000000        1.34682000835630     
  0.180000000000000        1.33974461399424     
  0.184500000000000        1.33266921963217     
  0.189000000000000        1.32559382527011     
  0.193500000000000        1.31851843090804     
  0.198000000000000        1.31144303654598     
  0.202500000000000        1.30436764218391     
  0.207000000000000        1.29729224782185     
  0.211500000000000        1.29021685345979     
  0.216000000000000        1.28314145909772     
  0.220500000000000        1.27606606473566     
  0.225000000000000        1.26899067037359     
  0.229500000000000        1.26191527601153     
  0.234000000000000        1.25483988164946     
  0.238500000000000        1.24776448728740     
  0.243000000000000        1.24068909292533     
  0.247500000000000        1.23361369856327     
  0.252000000000000        1.22653830420120     
  0.256500000000000        1.21946290983914     
  0.261000000000000        1.21238751547707     
  0.265500000000000        1.20531212111501     
  0.270000000000000        1.19823672675294     
  0.274500000000000        1.19116133239088     
  0.279000000000000        1.18408593802881     
  0.283500000000000        1.17701054366675     
  0.288000000000000        1.16993514930468     
  0.292500000000000        1.16285975494262     
  0.297000000000000        1.15578436058055     
  0.301500000000000        1.14870896621849     
  0.306000000000000        1.14163357185643     
  0.310500000000000        1.13455817749436     
  0.315000000000000        1.12748278313230     
  0.319500000000000        1.12040738877023     
  0.324000000000000        1.11333199440817     
  0.328500000000000        1.10625660004610     
  0.333000000000000        1.09918120568404     
  0.337500000000000        1.09210581132197     
  0.342000000000000        1.08503041695991     
  0.346500000000000        1.07795502259784     
  0.351000000000000        1.07087962823578     
  0.355500000000000        1.06380423387371     
  0.360000000000000        1.05672883951165     
  0.364500000000000        1.04965344514958     
  0.369000000000000        1.04257805078752     
  0.373500000000000        1.03550265642545     
  0.378000000000000        1.02842726206339     
  0.382500000000000        1.02135186770132     
  0.387000000000000        1.01427647333926     
  0.391500000000000        1.00720107897720     
  0.396000000000000        1.00012568461513     
  0.400500000000000       0.993050290253066     
  0.405000000000000       0.985974895891001     
  0.409500000000000       0.978899501528936     
  0.414000000000000       0.971824107166871     
  0.418500000000000       0.964748712804807     
  0.423000000000000       0.957673318442742     
  0.427500000000000       0.950597924080677     
  0.432000000000000       0.943522529718612     
  0.436500000000000       0.936447135356548     
  0.441000000000000       0.929371740994483     
  0.445500000000000       0.922296346632418     
  0.450000000000000       0.915220952270353     
  0.454500000000000       0.908145557908289     
  0.459000000000000       0.901070163546224     
  0.463500000000000       0.893994769184159     
  0.468000000000000       0.886919374822094     
  0.472500000000000       0.879843980460030     
  0.477000000000000       0.872768586097965     
  0.481500000000000       0.865693191735900     
  0.486000000000000       0.858617797373835     
  0.490500000000000       0.851542403011771     
  0.495000000000000       0.844467008649706     
  0.499500000000000       0.837391614287641     
  0.504000000000000       0.834834563189873     
  0.508500000000000       0.832842305000143     
  0.513000000000000       0.830850046810413     
  0.517500000000000       0.828857788620683     
  0.522000000000000       0.826865530430954     
  0.526500000000000       0.824873272241224     
  0.531000000000000       0.822881014051494     
  0.535500000000000       0.820888755861764     
  0.540000000000000       0.818896497672035     
  0.544500000000000       0.816904239482305     
  0.549000000000000       0.814911981292575     
  0.553500000000000       0.812919723102846     
  0.558000000000000       0.810927464913116     
  0.562500000000000       0.808935206723386     
  0.567000000000000       0.806942948533656     
  0.571500000000000       0.804950690343927     
  0.576000000000000       0.802958432154197     
  0.580500000000000       0.800966173964467     
  0.585000000000000       0.798973915774737     
  0.589500000000000       0.796981657585008     
  0.594000000000000       0.794989399395278     
  0.598500000000000       0.792997141205548     
  0.603000000000000       0.791004883015818     
  0.607500000000000       0.789012624826089     
  0.612000000000000       0.787020366636359     
  0.616500000000000       0.785028108446629     
  0.621000000000000       0.783035850256899     
  0.625500000000000       0.781043592067170     
  0.630000000000000       0.779051333877440     
  0.634500000000000       0.777059075687710     
  0.639000000000000       0.775066817497980     
  0.643500000000000       0.773074559308251     
  0.648000000000000       0.771082301118521     
  0.652500000000000       0.769090042928791     
  0.657000000000000       0.767097784739061     
  0.661500000000000       0.765105526549332     
  0.666000000000000       0.763113268359602     
  0.670500000000000       0.761121010169872     
  0.675000000000000       0.759128751980142     
  0.679500000000000       0.757136493790413     
  0.684000000000000       0.755144235600683     
  0.688500000000000       0.753151977410953     
  0.693000000000000       0.751159719221223     
  0.697500000000000       0.749167461031494     
  0.702000000000000       0.747175202841764     
  0.706500000000000       0.745182944652034     
  0.711000000000000       0.743190686462304     
  0.715500000000000       0.741198428272575     
  0.720000000000000       0.739206170082845     
  0.724500000000000       0.737213911893115     
  0.729000000000000       0.735221653703386     
  0.733500000000000       0.733229395513656     
  0.738000000000000       0.731237137323926     
  0.742500000000000       0.729244879134196     
  0.747000000000000       0.727252620944466     
  0.751500000000000       0.725260362754737     
  0.756000000000000       0.723268104565007     
  0.760500000000000       0.721275846375277     
  0.765000000000000       0.719283588185548     
  0.769500000000000       0.717291329995818     
  0.774000000000000       0.715299071806088     
  0.778500000000000       0.713306813616358     
  0.783000000000000       0.711314555426629     
  0.787500000000000       0.709322297236899     
  0.792000000000000       0.707330039047169     
  0.796500000000000       0.705337780857439     
  0.801000000000000       0.703345522667710     
  0.805500000000000       0.701353264477980     
  0.810000000000000       0.699361006288250     
  0.814500000000000       0.697368748098520     
  0.819000000000000       0.695376489908791     
  0.823500000000000       0.693384231719061     
  0.828000000000000       0.691391973529331     
  0.832500000000000       0.689399715339601     
  0.837000000000000       0.687407457149872     
  0.841500000000000       0.685415198960142     
  0.846000000000000       0.683422940770412     
  0.850500000000000       0.681430682580683     
  0.855000000000000       0.679438424390953     
  0.859500000000000       0.677446166201223     
  0.864000000000000       0.675453908011493     
  0.868500000000000       0.673461649821763     
  0.873000000000000       0.671469391632034     
  0.877500000000000       0.669477133442304     
  0.882000000000000       0.667484875252574     
  0.886500000000000       0.665492617062844     
  0.891000000000000       0.663500358873115     
  0.895500000000000       0.661508100683385     
  0.900000000000000       0.659515842493655     
  0.904500000000000       0.657523584303926     
  0.909000000000000       0.655531326114196     
  0.913500000000000       0.653539067924466     
  0.918000000000000       0.651546809734736     
  0.922500000000000       0.649554551545007     
  0.927000000000000       0.647562293355277     
  0.931500000000000       0.645570035165547     
  0.936000000000000       0.643577776975817     
  0.940500000000000       0.641585518786087     
  0.945000000000000       0.639593260596358     
  0.949500000000000       0.637601002406628     
  0.954000000000000       0.635608744216898     
  0.958500000000000       0.633616486027169     
  0.963000000000000       0.631624227837439     
  0.967500000000000       0.629631969647709     
  0.972000000000000       0.627639711457979     
  0.976500000000000       0.625647453268250     
  0.981000000000000       0.623655195078520     
  0.985500000000000       0.621662936888790     
  0.990000000000000       0.619670678699060     
  0.994500000000000       0.617678420509331     
  0.999000000000000       0.615686162319601     
   1.00350000000000       0.613693904129871     
   1.00800000000000       0.611701645940141     
   1.01250000000000       0.609709387750412     
   1.01700000000000       0.607717129560682     
   1.02150000000000       0.605724871370952     
   1.02600000000000       0.603732613181222     
   1.03050000000000       0.601740354991493     
   1.03500000000000       0.599748096801763     
   1.03950000000000       0.597755838612033     
   1.04400000000000       0.595763580422303     
   1.04850000000000       0.593771322232574     
   1.05300000000000       0.591779064042844     
   1.05750000000000       0.589786805853114     
   1.06200000000000       0.587794547663384     
   1.06650000000000       0.585802289473655     
   1.07100000000000       0.583810031283925     
   1.07550000000000       0.581817773094195     
   1.08000000000000       0.579825514904466     
   1.08450000000000       0.577833256714736     
   1.08900000000000       0.575840998525006     
   1.09350000000000       0.573848740335276     
   1.09800000000000       0.571856482145546     
   1.10250000000000       0.569864223955817     
   1.10700000000000       0.567871965766087     
   1.11150000000000       0.565879707576357     
   1.11600000000000       0.563887449386628     
   1.12050000000000       0.561895191196898     
   1.12500000000000       0.559902933007168     
   1.12950000000000       0.557910674817438     
   1.13400000000000       0.555918416627708     
   1.13850000000000       0.553926158437979     
   1.14300000000000       0.551933900248249     
   1.14750000000000       0.549941642058519     
   1.15200000000000       0.547949383868790     
   1.15650000000000       0.545957125679060     
   1.16100000000000       0.543964867489330     
   1.16550000000000       0.541972609299600     
   1.17000000000000       0.539980351109871     
   1.17450000000000       0.537988092920141     
   1.17900000000000       0.535995834730411     
   1.18350000000000       0.534003576540681     
   1.18800000000000       0.532011318350952     
   1.19250000000000       0.530019060161222     
   1.19700000000000       0.528026801971492     
   1.20150000000000       0.526034543781762     
   1.20600000000000       0.524042285592033     
   1.21050000000000       0.522050027402303     
   1.21500000000000       0.520057769212573     
   1.21950000000000       0.518065511022843     
   1.22400000000000       0.516073252833114     
   1.22850000000000       0.514080994643384     
   1.23300000000000       0.512088736453654     
   1.23750000000000       0.510096478263924     
   1.24200000000000       0.508104220074195     
   1.24650000000000       0.506111961884465     
   1.25100000000000       0.504119703694735     
   1.25550000000000       0.502127445505005     
   1.26000000000000       0.500135187315276     
   1.26450000000000       0.498142929125546     
   1.26900000000000       0.496150670935816     
   1.27350000000000       0.494158412746087     
   1.27800000000000       0.492166154556357     
   1.28250000000000       0.490173896366627     
   1.28700000000000       0.488181638176897     
   1.29150000000000       0.486189379987168     
   1.29600000000000       0.484197121797438     
   1.30050000000000       0.482204863607708     
   1.30500000000000       0.480212605417978     
   1.30950000000000       0.478220347228249     
   1.31400000000000       0.476228089038519     
   1.31850000000000       0.474235830848789     
   1.32300000000000       0.472243572659059     
   1.32750000000000       0.470251314469330     
   1.33200000000000       0.468259056279600     
   1.33650000000000       0.466266798089870     
   1.34100000000000       0.464274539900140     
   1.34550000000000       0.462282281710411     
   1.35000000000000       0.460290023520681     
   1.35450000000000       0.458297765330951     
   1.35900000000000       0.456305507141221     
   1.36350000000000       0.454313248951492     
   1.36800000000000       0.452320990761762     
   1.37250000000000       0.450328732572032     
   1.37700000000000       0.448336474382302     
   1.38150000000000       0.446344216192573     
   1.38600000000000       0.444351958002843     
   1.39050000000000       0.442359699813113     
   1.39500000000000       0.440367441623383     
   1.39950000000000       0.438375183433654     
   1.40400000000000       0.436382925243924     
   1.40850000000000       0.434390667054194     
   1.41300000000000       0.432398408864464     
   1.41750000000000       0.430406150674735     
   1.42200000000000       0.428413892485005     
   1.42650000000000       0.426421634295275     
   1.43100000000000       0.424429376105545     
   1.43550000000000       0.422437117915816     
   1.44000000000000       0.420444859726086     
   1.44450000000000       0.418452601536356     
   1.44900000000000       0.416460343346626     
   1.45350000000000       0.414468085156897     
   1.45800000000000       0.412475826967167     
   1.46250000000000       0.410483568777437     
   1.46700000000000       0.408491310587708     
   1.47150000000000       0.406499052397978     
   1.47600000000000       0.404506794208248     
   1.48050000000000       0.402514536018518     
   1.48500000000000       0.400522277828789     
   1.48950000000000       0.398530019639059     
   1.49400000000000       0.396537761449329     
   1.49850000000000       0.394545503259599     
   1.50300000000000       0.393647702965647     
   1.50750000000000       0.393297131619584     
   1.51200000000000       0.392946560273521     
   1.51650000000000       0.392595988927458     
   1.52100000000000       0.392245417581395     
   1.52550000000000       0.391894846235333     
   1.53000000000000       0.391544274889270     
   1.53450000000000       0.391193703543207     
   1.53900000000000       0.390843132197144     
   1.54350000000000       0.390492560851081     
   1.54800000000000       0.390141989505018     
   1.55250000000000       0.389791418158956     
   1.55700000000000       0.389440846812893     
   1.56150000000000       0.389090275466830     
   1.56600000000000       0.388739704120767     
   1.57050000000000       0.388389132774704     
   1.57500000000000       0.388038561428642     
   1.57950000000000       0.387687990082579     
   1.58400000000000       0.387337418736516     
   1.58850000000000       0.386986847390453     
   1.59300000000000       0.386636276044390     
   1.59750000000000       0.386285704698327     
   1.60200000000000       0.385935133352265     
   1.60650000000000       0.385584562006202     
   1.61100000000000       0.385233990660139     
   1.61550000000000       0.384883419314076     
   1.62000000000000       0.384532847968013     
   1.62450000000000       0.384182276621951     
   1.62900000000000       0.383831705275888     
   1.63350000000000       0.383481133929825     
   1.63800000000000       0.383130562583762     
   1.64250000000000       0.382779991237699     
   1.64700000000000       0.382429419891636     
   1.65150000000000       0.382078848545574     
   1.65600000000000       0.381728277199511     
   1.66050000000000       0.381377705853448     
   1.66500000000000       0.381027134507385     
   1.66950000000000       0.380676563161322     
   1.67400000000000       0.380325991815260     
   1.67850000000000       0.379975420469197     
   1.68300000000000       0.379624849123134     
   1.68750000000000       0.379274277777071     
   1.69200000000000       0.378923706431008     
   1.69650000000000       0.378573135084946     
   1.70100000000000       0.378222563738883     
   1.70550000000000       0.377871992392820     
   1.71000000000000       0.377521421046757     
   1.71450000000000       0.377170849700694     
   1.71900000000000       0.376820278354631     
   1.72350000000000       0.376469707008569     
   1.72800000000000       0.376119135662506     
   1.73250000000000       0.375768564316443     
   1.73700000000000       0.375417992970380     
   1.74150000000000       0.375067421624317     
   1.74600000000000       0.374716850278254     
   1.75050000000000       0.374366278932192     
   1.75500000000000       0.374015707586129     
   1.75950000000000       0.373665136240066     
   1.76400000000000       0.373314564894003     
   1.76850000000000       0.372963993547940     
   1.77300000000000       0.372613422201878     
   1.77750000000000       0.372262850855815     
   1.78200000000000       0.371912279509752     
   1.78650000000000       0.371561708163689     
   1.79100000000000       0.371211136817626     
   1.79550000000000       0.370860565471564     
   1.80000000000000       0.370509994125501     
   1.80450000000000       0.370159422779438     
   1.80900000000000       0.369808851433375     
   1.81350000000000       0.369458280087312     
   1.81800000000000       0.369107708741249     
   1.82250000000000       0.368757137395187     
   1.82700000000000       0.368406566049124     
   1.83150000000000       0.368055994703061     
   1.83600000000000       0.367705423356998     
   1.84050000000000       0.367354852010935     
   1.84500000000000       0.367004280664873     
   1.84950000000000       0.366653709318810     
   1.85400000000000       0.366303137972747     
   1.85850000000000       0.365952566626684     
   1.86300000000000       0.365601995280621     
   1.86750000000000       0.365251423934558     
   1.87200000000000       0.364900852588496     
   1.87650000000000       0.364550281242433     
   1.88100000000000       0.364199709896370     
   1.88550000000000       0.363849138550307     
   1.89000000000000       0.363498567204244     
   1.89450000000000       0.363147995858182     
   1.89900000000000       0.362797424512119     
   1.90350000000000       0.362446853166056     
   1.90800000000000       0.362096281819993     
   1.91250000000000       0.361745710473930     
   1.91700000000000       0.361395139127867     
   1.92150000000000       0.361044567781805     
   1.92600000000000       0.360693996435742     
   1.93050000000000       0.360343425089679     
   1.93500000000000       0.359992853743616     
   1.93950000000000       0.359642282397553     
   1.94400000000000       0.359291711051491     
   1.94850000000000       0.358941139705428     
   1.95300000000000       0.358590568359365     
   1.95750000000000       0.358239997013302     
   1.96200000000000       0.357889425667239     
   1.96650000000000       0.357538854321176     
   1.97100000000000       0.357188282975114     
   1.97550000000000       0.356837711629051     
   1.98000000000000       0.356487140282988     
   1.98450000000000       0.356136568936925     
   1.98900000000000       0.355785997590862     
   1.99350000000000       0.355435426244800     
   1.99800000000000       0.355084854898737     
   2.00250000000000       0.354734283552674     
   2.00700000000000       0.354383712206611     
   2.01150000000000       0.354033140860548     
   2.01600000000000       0.353682569514485     
   2.02050000000000       0.353331998168423     
   2.02500000000000       0.352981426822360     
   2.02950000000000       0.352630855476297     
   2.03400000000000       0.352280284130234     
   2.03850000000000       0.351929712784171     
   2.04300000000000       0.351579141438109     
   2.04750000000000       0.351228570092046     
   2.05200000000000       0.350877998745983     
   2.05650000000000       0.350527427399920     
   2.06100000000000       0.350176856053857     
   2.06550000000000       0.349826284707794     
   2.07000000000000       0.349475713361732     
   2.07450000000000       0.349125142015669     
   2.07900000000000       0.348774570669606     
   2.08350000000000       0.348423999323543     
   2.08800000000000       0.348073427977480     
   2.09250000000000       0.347722856631418     
   2.09700000000000       0.347372285285355     
   2.10150000000000       0.347021713939292     
   2.10600000000000       0.346671142593229     
   2.11050000000000       0.346320571247166     
   2.11500000000000       0.345969999901103     
   2.11950000000000       0.345619428555041     
   2.12400000000000       0.345268857208978     
   2.12850000000000       0.344918285862915     
   2.13300000000000       0.344567714516852     
   2.13750000000000       0.344217143170789     
   2.14200000000000       0.343866571824727     
   2.14650000000000       0.343516000478664     
   2.15100000000000       0.343165429132601     
   2.15550000000000       0.342814857786538     
   2.16000000000000       0.342464286440475     
   2.16450000000000       0.342113715094412     
   2.16900000000000       0.341763143748350     
   2.17350000000000       0.341412572402287     
   2.17800000000000       0.341062001056224     
   2.18250000000000       0.340711429710161     
   2.18700000000000       0.340360858364098     
   2.19150000000000       0.340010287018036     
   2.19600000000000       0.339659715671973     
   2.20050000000000       0.339309144325910     
   2.20500000000000       0.338958572979847     
   2.20950000000000       0.338608001633784     
   2.21400000000000       0.338257430287721     
   2.21850000000000       0.337906858941659     
   2.22300000000000       0.337556287595596     
   2.22750000000000       0.337205716249533     
   2.23200000000000       0.336855144903470     
   2.23650000000000       0.336504573557407     
   2.24100000000000       0.336154002211345     
   2.24550000000000       0.335803430865282     
   2.25000000000000       0.335452859519219     
   2.25450000000000       0.335102288173156     
   2.25900000000000       0.334751716827093     
   2.26350000000000       0.334401145481030     
   2.26800000000000       0.334050574134968     
   2.27250000000000       0.333700002788905     
   2.27700000000000       0.333349431442842     
   2.28150000000000       0.332998860096779     
   2.28600000000000       0.332648288750716     
   2.29050000000000       0.332297717404654     
   2.29500000000000       0.331947146058591     
   2.29950000000000       0.331596574712528     
   2.30400000000000       0.331246003366465     
   2.30850000000000       0.330895432020402     
   2.31300000000000       0.330544860674339     
   2.31750000000000       0.330194289328277     
   2.32200000000000       0.329843717982214     
   2.32650000000000       0.329493146636151     
   2.33100000000000       0.329142575290088     
   2.33550000000000       0.328792003944025     
   2.34000000000000       0.328441432597963     
   2.34450000000000       0.328090861251900     
   2.34900000000000       0.327740289905837     
   2.35350000000000       0.327389718559774     
   2.35800000000000       0.327039147213711     
   2.36250000000000       0.326688575867648     
   2.36700000000000       0.326338004521586     
   2.37150000000000       0.325987433175523     
   2.37600000000000       0.325636861829460     
   2.38050000000000       0.325286290483397     
   2.38500000000000       0.324935719137334     
   2.38950000000000       0.324585147791272     
   2.39400000000000       0.324234576445209     
   2.39850000000000       0.323884005099146     
   2.40300000000000       0.323533433753083     
   2.40750000000000       0.323182862407020     
   2.41200000000000       0.322832291060958     
   2.41650000000000       0.322481719714895     
   2.42100000000000       0.322131148368832     
   2.42550000000000       0.321780577022769     
   2.43000000000000       0.321430005676706     
   2.43450000000000       0.321079434330643     
   2.43900000000000       0.320728862984581     
   2.44350000000000       0.320378291638518     
   2.44800000000000       0.320027720292455     
   2.45250000000000       0.319677148946392     
   2.45700000000000       0.319326577600329     
   2.46150000000000       0.318976006254267     
   2.46600000000000       0.318625434908204     
   2.47050000000000       0.318274863562141     
   2.47500000000000       0.317924292216078     
   2.47950000000000       0.317573720870015     
   2.48400000000000       0.317223149523952     
   2.48850000000000       0.316872578177890     
   2.49300000000000       0.316522006831827     
   2.49750000000000       0.316171435485764     
   2.50200000000000       0.315820864139701     
   2.50650000000000       0.315470292793638     
   2.51100000000000       0.315119721447575     
   2.51550000000000       0.314769150101513     
   2.52000000000000       0.314418578755450     
   2.52450000000000       0.314068007409387     
   2.52900000000000       0.313717436063324     
   2.53350000000000       0.313366864717261     
   2.53800000000000       0.313016293371199     
   2.54250000000000       0.312665722025136     
   2.54700000000000       0.312315150679073     
   2.55150000000000       0.311964579333010     
   2.55600000000000       0.311614007986947     
   2.56050000000000       0.311263436640885     
   2.56500000000000       0.310912865294822     
   2.56950000000000       0.310562293948759     
   2.57400000000000       0.310211722602696     
   2.57850000000000       0.309861151256633     
   2.58300000000000       0.309510579910570     
   2.58750000000000       0.309160008564508     
   2.59200000000000       0.308809437218445     
   2.59650000000000       0.308458865872382     
   2.60100000000000       0.308108294526319     
   2.60550000000000       0.307757723180256     
   2.61000000000000       0.307407151834194     
   2.61450000000000       0.307056580488131     
   2.61900000000000       0.306706009142068     
   2.62350000000000       0.306355437796005     
   2.62800000000000       0.306004866449942     
   2.63250000000000       0.305654295103879     
   2.63700000000000       0.305303723757817     
   2.64150000000000       0.304953152411754     
   2.64600000000000       0.304602581065691     
   2.65050000000000       0.304252009719628     
   2.65500000000000       0.303901438373565     
   2.65950000000000       0.303550867027503     
   2.66400000000000       0.303200295681440     
   2.66850000000000       0.302849724335377     
   2.67300000000000       0.302499152989314     
   2.67750000000000       0.302148581643251     
   2.68200000000000       0.301798010297188     
   2.68650000000000       0.301447438951126     
   2.69100000000000       0.301096867605063     
   2.69550000000000       0.300746296259000     
   2.70000000000000       0.300395724912937     
   2.70450000000000       0.300045153566874     
   2.70900000000000       0.299694582220812     
   2.71350000000000       0.299344010874749     
   2.71800000000000       0.298993439528686     
   2.72250000000000       0.298642868182623     
   2.72700000000000       0.298292296836560     
   2.73150000000000       0.297941725490497     
   2.73600000000000       0.297591154144435     
   2.74050000000000       0.297240582798372     
   2.74500000000000       0.296890011452309     
   2.74950000000000       0.296539440106246     
   2.75400000000000       0.296188868760183     
   2.75850000000000       0.295838297414121     
   2.76300000000000       0.295487726068058     
   2.76750000000000       0.295137154721995     
   2.77200000000000       0.294786583375932     
   2.77650000000000       0.294436012029869     
   2.78100000000000       0.294085440683806     
   2.78550000000000       0.293734869337744     
   2.79000000000000       0.293384297991681     
   2.79450000000000       0.293033726645618     
   2.79900000000000       0.292683155299555     
   2.80350000000000       0.292332583953492     
   2.80800000000000       0.291982012607430     
   2.81250000000000       0.291631441261367     
   2.81700000000000       0.291280869915304     
   2.82150000000000       0.290930298569241     
   2.82600000000000       0.290579727223178     
   2.83050000000000       0.290229155877115     
   2.83500000000000       0.289878584531053     
   2.83950000000000       0.289528013184990     
   2.84400000000000       0.289177441838927     
   2.84850000000000       0.288826870492864     
   2.85300000000000       0.288476299146801     
   2.85750000000000       0.288125727800739     
   2.86200000000000       0.287775156454676     
   2.86650000000000       0.287424585108613     
   2.87100000000000       0.287074013762550     
   2.87550000000000       0.286723442416487     
   2.88000000000000       0.286372871070424     
   2.88450000000000       0.286022299724362     
   2.88900000000000       0.285671728378299     
   2.89350000000000       0.285321157032236     
   2.89800000000000       0.284970585686173     
   2.90250000000000       0.284620014340110     
   2.90700000000000       0.284269442994048     
   2.91150000000000       0.283918871647985     
   2.91600000000000       0.283568300301922     
   2.92050000000000       0.283217728955859     
   2.92500000000000       0.282867157609796     
   2.92950000000000       0.282516586263733     
   2.93400000000000       0.282166014917671     
   2.93850000000000       0.281815443571608     
   2.94300000000000       0.281464872225545     
   2.94750000000000       0.281114300879482     
   2.95200000000000       0.280763729533419     
   2.95650000000000       0.280413158187357     
   2.96100000000000       0.280062586841294     
   2.96550000000000       0.279712015495231     
   2.97000000000000       0.279361444149168     
   2.97450000000000       0.279010872803105     
   2.97900000000000       0.278660301457042     
   2.98350000000000       0.278309730110980     
   2.98800000000000       0.277959158764917     
   2.99250000000000       0.277608587418854     
   2.99700000000000       0.277258016072791     
   3.00150000000000       0.276907444726728     
   3.00600000000000       0.276556873380666     
   3.01050000000000       0.276206302034603     
   3.01500000000000       0.275855730688540     
   3.01950000000000       0.275505159342477     
   3.02400000000000       0.275154587996414     
   3.02850000000000       0.274804016650351     
   3.03300000000000       0.274453445304289     
   3.03750000000000       0.274102873958226     
   3.04200000000000       0.273752302612163     
   3.04650000000000       0.273401731266100     
   3.05100000000000       0.273051159920037     
   3.05550000000000       0.272700588573975     
   3.06000000000000       0.272350017227912     
   3.06450000000000       0.271999445881849     
   3.06900000000000       0.271648874535786     
   3.07350000000000       0.271298303189723     
   3.07800000000000       0.270947731843660     
   3.08250000000000       0.270597160497598     
   3.08700000000000       0.270246589151535     
   3.09150000000000       0.269896017805472     
   3.09600000000000       0.269545446459409     
   3.10050000000000       0.269194875113346     
   3.10500000000000       0.268844303767284     
   3.10950000000000       0.268493732421221     
   3.11400000000000       0.268143161075158     
   3.11850000000000       0.267792589729095     
   3.12300000000000       0.267442018383032     
   3.12750000000000       0.267091447036969     
   3.13200000000000       0.266740875690907     
   3.13650000000000       0.266390304344844     
   3.14100000000000       0.266039732998781     
   3.14550000000000       0.265689161652718     
   3.15000000000000       0.265338590306655     
   3.15450000000000       0.264988018960593     
   3.15900000000000       0.264637447614530     
   3.16350000000000       0.264286876268467     
   3.16800000000000       0.263936304922404     
   3.17250000000000       0.263585733576341     
   3.17700000000000       0.263235162230278     
   3.18150000000000       0.262884590884216     
   3.18600000000000       0.262534019538153     
   3.19050000000000       0.262183448192090     
   3.19500000000000       0.261832876846027     
   3.19950000000000       0.261482305499964     
   3.20400000000000       0.261131734153902     
   3.20850000000000       0.260781162807839     
   3.21300000000000       0.260430591461776     
   3.21750000000000       0.260080020115713     
   3.22200000000000       0.259729448769650     
   3.22650000000000       0.259378877423588     
   3.23100000000000       0.259028306077525     
   3.23550000000000       0.258677734731462     
   3.24000000000000       0.258327163385399     
   3.24450000000000       0.257976592039336     
   3.24900000000000       0.257626020693273     
   3.25350000000000       0.257275449347211     
   3.25800000000000       0.256924878001148     
   3.26250000000000       0.256574306655085     
   3.26700000000000       0.256223735309022     
   3.27150000000000       0.255873163962959     
   3.27600000000000       0.255522592616897     
   3.28050000000000       0.255172021270834     
   3.28500000000000       0.254821449924771     
   3.28950000000000       0.254470878578708     
   3.29400000000000       0.254120307232645     
   3.29850000000000       0.253769735886582     
   3.30300000000000       0.253419164540520     
   3.30750000000000       0.253068593194457     
   3.31200000000000       0.252718021848394     
   3.31650000000000       0.252367450502331     
   3.32100000000000       0.252016879156268     
   3.32550000000000       0.251666307810206     
   3.33000000000000       0.251315736464143     
   3.33450000000000       0.250965165118080     
   3.33900000000000       0.250614593772017     
   3.34350000000000       0.250264022425954     
   3.34800000000000       0.249913451079891     
   3.35250000000000       0.249562879733829     
   3.35700000000000       0.249212308387766     
   3.36150000000000       0.248861737041703     
   3.36600000000000       0.248511165695640     
   3.37050000000000       0.248160594349577     
   3.37500000000000       0.247810023003515     
   3.37950000000000       0.247459451657452     
   3.38400000000000       0.247108880311389     
   3.38850000000000       0.246758308965326     
   3.39300000000000       0.246407737619263     
   3.39750000000000       0.246057166273200     
   3.40200000000000       0.245706594927138     
   3.40650000000000       0.245356023581075     
   3.41100000000000       0.245005452235012     
   3.41550000000000       0.244654880888949     
   3.42000000000000       0.244304309542886     
   3.42450000000000       0.243953738196824     
   3.42900000000000       0.243603166850761     
   3.43350000000000       0.243252595504698     
   3.43800000000000       0.242902024158635     
   3.44250000000000       0.242551452812572     
   3.44700000000000       0.242200881466509     
   3.45150000000000       0.241850310120447     
   3.45600000000000       0.241499738774384     
   3.46050000000000       0.241149167428321     
   3.46500000000000       0.240798596082258     
   3.46950000000000       0.240448024736195     
   3.47400000000000       0.240097453390133     
   3.47850000000000       0.239746882044070     
   3.48300000000000       0.239396310698007     
   3.48750000000000       0.239045739351944     
   3.49200000000000       0.238695168005881     
   3.49650000000000       0.238344596659818     
   3.50100000000000       0.237994025313756     
   3.50550000000000       0.237643453967693     
   3.51000000000000       0.237292882621630     
   3.51450000000000       0.236942311275567     
   3.51900000000000       0.236591739929504     
   3.52350000000000       0.236241168583442     
   3.52800000000000       0.235890597237379     
   3.53250000000000       0.235540025891316     
   3.53700000000000       0.235189454545253     
   3.54150000000000       0.234838883199190     
   3.54600000000000       0.234488311853127     
   3.55050000000000       0.234137740507065     
   3.55500000000000       0.233787169161002     
   3.55950000000000       0.233436597814939     
   3.56400000000000       0.233086026468876     
   3.56850000000000       0.232735455122813     
   3.57300000000000       0.232384883776751     
   3.57750000000000       0.232034312430688     
   3.58200000000000       0.231683741084625     
   3.58650000000000       0.231333169738562     
   3.59100000000000       0.230982598392499     
   3.59550000000000       0.230632027046436     
   3.60000000000000       0.230281455700374     
   3.60450000000000       0.229930884354311     
   3.60900000000000       0.229580313008248     
   3.61350000000000       0.229229741662185     
   3.61800000000000       0.228879170316122     
   3.62250000000000       0.228528598970060     
   3.62700000000000       0.228178027623997     
   3.63150000000000       0.227827456277934     
   3.63600000000000       0.227476884931871     
   3.64050000000000       0.227126313585808     
   3.64500000000000       0.226775742239745     
   3.64950000000000       0.226425170893683     
   3.65400000000000       0.226074599547620     
   3.65850000000000       0.225724028201557     
   3.66300000000000       0.225373456855494     
   3.66750000000000       0.225022885509431     
   3.67200000000000       0.224672314163369     
   3.67650000000000       0.224321742817306     
   3.68100000000000       0.223971171471243     
   3.68550000000000       0.223620600125180     
   3.69000000000000       0.223270028779117     
   3.69450000000000       0.222919457433054     
   3.69900000000000       0.222568886086992     
   3.70350000000000       0.222218314740929     
   3.70800000000000       0.221867743394866     
   3.71250000000000       0.221517172048803     
   3.71700000000000       0.221166600702740     
   3.72150000000000       0.220816029356678     
   3.72600000000000       0.220465458010615     
   3.73050000000000       0.220114886664552     
   3.73500000000000       0.219764315318489     
   3.73950000000000       0.219413743972426     
   3.74400000000000       0.219063172626363     
   3.74850000000000       0.218712601280301     
   3.75300000000000       0.218362029934238     
   3.75750000000000       0.218011458588175     
   3.76200000000000       0.217660887242112     
   3.76650000000000       0.217310315896049     
   3.77100000000000       0.216959744549987     
   3.77550000000000       0.216609173203924     
   3.78000000000000       0.216258601857861     
   3.78450000000000       0.215908030511798     
   3.78900000000000       0.215557459165735     
   3.79350000000000       0.215206887819672     
   3.79800000000000       0.214856316473610     
   3.80250000000000       0.214505745127547     
   3.80700000000000       0.214155173781484     
   3.81150000000000       0.213804602435421     
   3.81600000000000       0.213454031089358     
   3.82050000000000       0.213103459743296     
   3.82500000000000       0.212752888397233     
   3.82950000000000       0.212402317051170     
   3.83400000000000       0.212051745705107     
   3.83850000000000       0.211701174359044     
   3.84300000000000       0.211350603012981     
   3.84750000000000       0.211000031666919     
   3.85200000000000       0.210649460320856     
   3.85650000000000       0.210298888974793     
   3.86100000000000       0.209948317628730     
   3.86550000000000       0.209597746282667     
   3.87000000000000       0.209247174936605     
   3.87450000000000       0.208896603590542     
   3.87900000000000       0.208546032244479     
   3.88350000000000       0.208195460898416     
   3.88800000000000       0.207844889552353     
   3.89250000000000       0.207494318206290     
   3.89700000000000       0.207143746860228     
   3.90150000000000       0.206793175514165     
   3.90600000000000       0.206442604168102     
   3.91050000000000       0.206092032822039     
   3.91500000000000       0.205741461475976     
   3.91950000000000       0.205390890129914     
   3.92400000000000       0.205040318783851     
   3.92850000000000       0.204689747437788     
   3.93300000000000       0.204339176091725     
   3.93750000000000       0.203988604745662     
   3.94200000000000       0.203638033399599     
   3.94650000000000       0.203287462053537     
   3.95100000000000       0.202936890707474     
   3.95550000000000       0.202586319361411     
   3.96000000000000       0.202235748015348     
   3.96450000000000       0.201885176669285     
   3.96900000000000       0.201534605323223     
   3.97350000000000       0.201184033977160     
   3.97800000000000       0.200833462631097     
   3.98250000000000       0.200482891285034     
   3.98700000000000       0.200132319938971     
   3.99150000000000       0.199781748592908     
   3.99600000000000       0.199431177246846     
   4.00050000000000       0.199080605900783     
   4.00500000000000       0.198730034554720     
   4.00950000000000       0.198379463208657     
   4.01400000000000       0.198028891862594     
   4.01850000000000       0.197678320516532     
   4.02300000000000       0.197327749170469     
   4.02750000000000       0.196977177824406     
   4.03200000000000       0.196626606478343     
   4.03650000000000       0.196276035132280     
   4.04100000000000       0.195925463786218     
   4.04550000000000       0.195574892440155     
   4.05000000000000       0.195224321094092     
   4.05450000000000       0.194873749748029     
   4.05900000000000       0.194523178401966     
   4.06350000000000       0.194172607055903     
   4.06800000000000       0.193822035709841     
   4.07250000000000       0.193471464363778     
   4.07700000000000       0.193120893017715     
   4.08150000000000       0.192770321671652     
   4.08600000000000       0.192419750325589     
   4.09050000000000       0.192069178979527     
   4.09500000000000       0.191718607633464     
   4.09950000000000       0.191368036287401     
   4.10400000000000       0.191017464941338     
   4.10850000000000       0.190666893595275     
   4.11300000000000       0.190316322249212     
   4.11750000000000       0.189965750903150     
   4.12200000000000       0.189615179557087     
   4.12650000000000       0.189264608211024     
   4.13100000000000       0.188914036864961     
   4.13550000000000       0.188563465518898     
   4.14000000000000       0.188212894172836     
   4.14450000000000       0.187862322826773     
   4.14900000000000       0.187511751480710     
   4.15350000000000       0.187161180134647     
   4.15800000000000       0.186810608788584     
   4.16250000000000       0.186460037442521     
   4.16700000000000       0.186109466096459     
   4.17150000000000       0.185758894750396     
   4.17600000000000       0.185408323404333     
   4.18050000000000       0.185057752058270     
   4.18500000000000       0.184707180712207     
   4.18950000000000       0.184356609366145     
   4.19400000000000       0.184006038020082     
   4.19850000000000       0.183655466674019     
   4.20300000000000       0.183304895327956     
   4.20750000000000       0.182954323981893     
   4.21200000000000       0.182603752635830     
   4.21650000000000       0.182253181289768     
   4.22100000000000       0.181902609943705     
   4.22550000000000       0.181552038597642     
   4.23000000000000       0.181201467251579     
   4.23450000000000       0.180850895905516     
   4.23900000000000       0.180500324559454     
   4.24350000000000       0.180149753213391     
   4.24800000000000       0.179799181867328     
   4.25250000000000       0.179448610521265     
   4.25700000000000       0.179098039175202     
   4.26150000000000       0.178747467829139     
   4.26600000000000       0.178396896483077     
   4.27050000000000       0.178046325137014     
   4.27500000000000       0.177695753790951     
   4.27950000000000       0.177345182444888     
   4.28400000000000       0.176994611098825     
   4.28850000000000       0.176644039752763     
   4.29300000000000       0.176293468406700     
   4.29750000000000       0.175942897060637     
   4.30200000000000       0.175592325714574     
   4.30650000000000       0.175241754368511     
   4.31100000000000       0.174891183022448     
   4.31550000000000       0.174540611676386     
   4.32000000000000       0.174190040330323     
   4.32450000000000       0.173839468984260     
   4.32900000000000       0.173488897638197     
   4.33350000000000       0.173138326292134     
   4.33800000000000       0.172787754946072     
   4.34250000000000       0.172437183600009     
   4.34700000000000       0.172086612253946     
   4.35150000000000       0.171736040907883     
   4.35600000000000       0.171385469561820     
   4.36050000000000       0.171034898215757     
   4.36500000000000       0.170684326869695     
   4.36950000000000       0.170333755523632     
   4.37400000000000       0.169983184177569     
   4.37850000000000       0.169632612831506     
   4.38300000000000       0.169282041485443     
   4.38750000000000       0.168931470139381     
   4.39200000000000       0.168580898793318     
   4.39650000000000       0.168230327447255     
   4.40100000000000       0.167879756101192     
   4.40550000000000       0.167529184755129     
   4.41000000000000       0.167178613409066     
   4.41450000000000       0.166828042063004     
   4.41900000000000       0.166477470716941     
   4.42350000000000       0.166126899370878     
   4.42800000000000       0.165776328024815     
   4.43250000000000       0.165425756678752     
   4.43700000000000       0.165075185332690     
   4.44150000000000       0.164724613986627     
   4.44600000000000       0.164374042640564     
   4.45050000000000       0.164023471294501     
   4.45500000000000       0.163672899948438     
   4.45950000000000       0.163322328602375     
   4.46400000000000       0.162971757256313     
   4.46850000000000       0.162621185910250     
   4.47300000000000       0.162270614564187     
   4.47750000000000       0.161920043218124     
   4.48200000000000       0.161569471872061     
   4.48650000000000       0.161218900525999     
   4.49100000000000       0.160868329179936     
   4.49550000000000       0.160517757833873     
   4.50000000000000       0.160167186487810     
